     0/499     7.02G     0.108    0.2872   0.08914    0.4843       308       320         0         0         0         0   0.08391    0.3805   0.08701
     1/499     5.71G   0.09287    0.3422   0.08831    0.5233       344       320         0         0         0         0   0.07785    0.3769   0.08677
     2/499     5.71G   0.08971    0.3414     0.088    0.5191       314       320         0         0         0         0   0.07573     0.387   0.08654
     3/499     5.71G   0.08726     0.353   0.08785    0.5281       306       320         0         0         0         0   0.07552    0.3877   0.08634
     4/499     5.71G   0.08701    0.3396   0.08763    0.5142       323       320         0         0         0         0   0.07451    0.3938   0.08613
     5/499     5.71G   0.08701    0.3232   0.08715    0.4974       250       320         0         0 7.052e-06 8.933e-07   0.07469    0.3952   0.08592
     6/499     5.71G   0.08636     0.302   0.08679    0.4751       308       320   0.02857  0.009524   0.02007  0.004139   0.07474    0.3762   0.08568
     7/499     5.71G   0.08426    0.2796   0.08622      0.45       321       320   0.02857  0.002597   0.02539  0.007036   0.07347    0.3128   0.08511
     8/499     5.71G   0.07949    0.2553   0.08593    0.4207       262       320         0         0   0.03485   0.01405   0.06569    0.2822    0.0848
     9/499     5.71G   0.07307     0.232   0.08539    0.3905       284       320   0.02857  0.002857    0.0597   0.03025   0.05981    0.2483   0.08426
    10/499     5.72G   0.06792    0.2195   0.08457     0.372       289       320    0.0294  0.006679   0.05381   0.02178   0.05665     0.233   0.08369
    11/499     5.72G   0.06463    0.2058   0.08414    0.3546       230       320   0.06006   0.01273   0.06319   0.02761    0.0602    0.2101   0.08301
    12/499     5.72G    0.0631    0.2118   0.08345    0.3584       294       320   0.03618   0.04239   0.07398   0.03498   0.04981    0.1942    0.0826
    13/499     5.72G   0.06093    0.2038    0.0834    0.3482       281       320   0.04921   0.02987   0.06603   0.02665   0.05094    0.1841    0.0821
    14/499     5.72G    0.0598    0.1972   0.08312    0.3401       266       320   0.03061  0.005238   0.06546   0.02793   0.05003    0.1803   0.08171
    15/499     5.72G   0.05805    0.1995   0.08276    0.3403       307       320   0.06584   0.05051   0.06698   0.03722   0.04516    0.1806   0.08168
    16/499     5.72G   0.05677    0.1922   0.08286    0.3318       304       320    0.0315   0.05553   0.05588   0.02799   0.04816    0.1687   0.08117
    17/499     5.72G   0.05691    0.1893   0.08243    0.3286       304       320   0.01192   0.06125   0.04678   0.01506   0.06371    0.2617   0.08178
    18/499     5.72G   0.05615    0.1871   0.08224    0.3255       294       320   0.06719   0.05925    0.0839   0.03665   0.04934    0.1697   0.08099
    19/499     5.72G   0.05338    0.1829   0.08194    0.3183       304       320   0.03555    0.0279    0.0797   0.04249   0.04856    0.1703   0.08103
    20/499     5.72G   0.05277    0.1825   0.08193    0.3172       285       320   0.08372   0.03951    0.0981   0.06425   0.04049    0.1602   0.08085
    21/499     5.72G   0.05315    0.1816   0.08196    0.3167       289       320   0.01732   0.02515   0.07258    0.0366   0.04487    0.1523   0.08078
    22/499     5.72G    0.0499    0.1805   0.08189    0.3123       271       320    0.1303    0.0437    0.1002   0.05661   0.04469    0.1631   0.08078
    23/499     5.72G   0.05248    0.1817   0.08217    0.3163       328       320   0.06868   0.03346    0.1004   0.06666    0.0372    0.1517   0.08066
    24/499     5.72G   0.05001    0.1757   0.08205    0.3078       304       320   0.07009   0.03488     0.097   0.05342   0.03985    0.1403   0.08055
    25/499     5.72G   0.04858    0.1694   0.08204       0.3       317       320    0.1198    0.0311     0.116   0.08146   0.03723    0.1389   0.08065
    26/499     5.72G   0.04667    0.1728   0.08149     0.301       288       320   0.08999    0.0363     0.108   0.06811   0.04002    0.1567   0.08047
    27/499     5.72G   0.04767     0.174   0.08167    0.3033       319       320   0.08393   0.04343    0.1316    0.0859   0.04485    0.1433    0.0802
    28/499     5.72G    0.0468    0.1684   0.08166    0.2968       247       320   0.03323   0.02403    0.1233   0.08196    0.0376    0.1389   0.08025
    29/499     5.72G   0.05285    0.2142    0.0816    0.3487       270       320   0.03899    0.0224   0.08519   0.04254   0.05141     0.197   0.08004
    30/499     5.72G   0.05729    0.1979    0.0813    0.3365       313       320    0.1042   0.03131   0.08274   0.03869   0.04653    0.1647   0.08045
    31/499     5.72G   0.05818    0.1995   0.08171    0.3394       308       320   0.03432   0.06021   0.05866   0.01603   0.06171    0.2821   0.08068
    32/499     5.72G   0.05588    0.1788   0.08174    0.3164       283       320   0.06624   0.03377   0.09709   0.04102    0.0475    0.1458    0.0804
    33/499     5.72G   0.05404    0.1688   0.08165    0.3045       287       320    0.1014   0.02286    0.1294   0.06873   0.04307    0.1487    0.0803
    34/499     5.72G   0.05072     0.171   0.08134     0.303       337       320    0.1421   0.02971    0.1143   0.05261   0.04857    0.1549   0.08033
    35/499     5.72G   0.05285    0.1738   0.08164    0.3083       284       320   0.07616   0.01724    0.1076    0.0602   0.05294    0.1686   0.08053
    36/499     5.72G   0.04998    0.1659   0.08139    0.2972       336       320     0.141   0.06705    0.1439   0.08215   0.05069    0.1511   0.07957
    37/499     5.72G   0.04984    0.1815   0.08147    0.3128       335       320   0.08442    0.0285    0.1186     0.081   0.04084    0.1508   0.07973
    38/499     5.72G   0.04603    0.1595   0.08106    0.2866       293       320   0.05228   0.05218    0.1352   0.09969   0.03532    0.1314   0.07955
    39/499     5.72G   0.04671    0.1666   0.08109    0.2944       238       320   0.09519   0.09133    0.1469   0.08458   0.04232    0.1394   0.07928
    40/499     5.72G   0.04568     0.158   0.08087    0.2846       261       320   0.02572    0.0647    0.1469   0.09487   0.03674    0.1378   0.07919
    41/499     5.72G   0.04681     0.158   0.08092    0.2857       266       320   0.02925   0.07032    0.1458   0.09059   0.03626    0.1314   0.07928
    42/499     5.72G   0.04481    0.1616   0.08084    0.2873       292       320   0.06571   0.05519    0.1458   0.09693    0.0374    0.1346    0.0788
    43/499     5.72G   0.04673    0.1675   0.08036    0.2945       303       320    0.0396   0.08919    0.1546   0.09889   0.03609    0.1439   0.07849
    44/499     5.72G   0.04417     0.158   0.08031    0.2825       311       320   0.06185    0.1259    0.1642    0.1155   0.03304     0.128    0.0783
    45/499     5.72G   0.04105    0.1586   0.07995    0.2796       314       320   0.03914    0.1192     0.159    0.1056   0.03745    0.1319   0.07826
    46/499     5.72G    0.0432     0.156   0.08008    0.2793       290       320   0.06418    0.1561    0.1685     0.089   0.03692    0.1331   0.07761
    47/499     5.72G   0.04358    0.1561   0.07983    0.2795       288       320    0.1492    0.1235    0.1847    0.1347    0.0345    0.1344   0.07769
    48/499     5.72G   0.04065    0.1578   0.07959    0.2781       319       320   0.05437     0.135    0.1759    0.1039   0.03667    0.1293   0.07745
    49/499     5.72G    0.0403    0.1459   0.07981     0.266       294       320     0.106     0.184    0.1842    0.1021   0.03888    0.1312   0.07694
    50/499     5.72G   0.04232    0.1636   0.07921    0.2851       275       320   0.09067    0.1647    0.1897    0.1252   0.03382    0.1383   0.07676
    51/499     5.72G   0.04125    0.1506   0.07893    0.2707       265       320    0.1077    0.1994     0.213    0.1441   0.03443    0.1258   0.07653
    52/499     5.72G   0.03922    0.1493   0.07922    0.2677       302       320    0.1074    0.2493    0.2268    0.1655   0.03181    0.1304   0.07597
    53/499     5.72G   0.03928    0.1448   0.07872    0.2628       318       320    0.1018    0.2702    0.2572    0.1775    0.0328    0.1273   0.07552
    54/499     5.72G   0.03906    0.1557   0.07843    0.2732       285       320    0.1109    0.2465    0.2446    0.1572    0.0332    0.1337   0.07513
    55/499     5.72G   0.03844    0.1513   0.07802    0.2677       366       320    0.1414     0.311    0.2595    0.1843   0.03241    0.1238   0.07468
    56/499     5.72G    0.0385    0.1514   0.07725    0.2671       299       320    0.1653    0.2911     0.286     0.215   0.03006    0.1202   0.07407
    57/499     5.72G   0.03992    0.1441   0.07688    0.2609       264       320     0.166    0.2322    0.2777    0.1795   0.03398    0.1378   0.07399
    58/499     5.72G   0.03739    0.1567   0.07684    0.2709       290       320    0.1429    0.2952    0.2886    0.2019   0.03257    0.1357   0.07312
    59/499     5.72G   0.03762    0.1504   0.07635    0.2643       337       320     0.142    0.3674    0.3007    0.2093   0.03251    0.1316   0.07232
    60/499     5.72G   0.03657    0.1426   0.07529    0.2544       313       320     0.147    0.3557    0.3181    0.2369   0.03032    0.1213   0.07133
    61/499     5.72G   0.03694    0.1432   0.07499    0.2551       295       320    0.1409    0.3637    0.3224    0.2099   0.03542    0.1291   0.07072
    62/499     5.72G   0.03813    0.1445   0.07392    0.2566       302       320    0.1362    0.4002    0.3388    0.2494   0.03346    0.1295   0.06972
    63/499     5.72G   0.03553    0.1472   0.07335    0.2561       275       320    0.1014    0.4214    0.3338    0.2521   0.03167    0.1273    0.0694
    64/499     5.72G   0.03451    0.1419   0.07257     0.249       239       320    0.1259    0.4334     0.398    0.2534   0.03462    0.1326   0.06835
    65/499     5.72G   0.03752    0.1437   0.07232    0.2535       310       320    0.1365    0.4253    0.4136    0.2901   0.03442    0.1308   0.06709
    66/499     5.72G   0.03586     0.138   0.07131    0.2452       304       320    0.1351    0.4434    0.3754    0.2742   0.02948    0.1368   0.06654
    67/499     5.72G   0.03563    0.1433   0.07022    0.2491       289       320    0.1522    0.4339    0.4043    0.3059   0.03149    0.1437   0.06563
    68/499     5.72G   0.03324    0.1382   0.06968    0.2411       298       320    0.1291    0.4215    0.4121    0.3123   0.03144    0.1374   0.06488
    69/499     5.72G    0.0354    0.1431    0.0686    0.2471       338       320    0.1215     0.442    0.4028     0.306   0.03137    0.1295   0.06366
    70/499     5.72G   0.03463    0.1382   0.06788    0.2407       341       320    0.1152    0.4434    0.4102     0.326   0.02928    0.1461   0.06331
    71/499     5.72G   0.03408    0.1342     0.067    0.2352       364       320    0.1695     0.457    0.4422    0.3437   0.03173    0.1466   0.06242
    72/499     5.72G   0.03276     0.137   0.06599    0.2357       337       320    0.1832    0.4893    0.4383    0.3346   0.02913    0.1321   0.06121
    73/499     5.72G   0.03469    0.1393    0.0653    0.2393       291       320    0.1863    0.4466     0.453    0.3422   0.03086     0.138    0.0606
    74/499     5.72G   0.03382    0.1394   0.06509    0.2383       327       320    0.2189    0.4794    0.4874    0.3754   0.02934    0.1278   0.06018
    75/499     5.72G   0.03295    0.1351    0.0638    0.2318       311       320    0.2256     0.532    0.5072    0.3806    0.0301    0.1363   0.05908
    76/499     5.72G   0.03353    0.1347    0.0633    0.2315       307       320    0.1953    0.5133    0.4968    0.3949   0.02894    0.1275   0.05811
    77/499     5.72G   0.03238    0.1432   0.06237    0.2379       275       320    0.1636    0.5344    0.4861    0.3701   0.03132    0.1374   0.05771
    78/499     5.72G   0.03377    0.1358   0.06184    0.2314       319       320    0.1857    0.5268    0.4773    0.3662   0.02942    0.1385   0.05687
    79/499     5.72G   0.03452    0.1371   0.06142     0.233       303       320    0.2241    0.5446    0.5008    0.3826   0.02982    0.1244   0.05635
    80/499     5.72G   0.03887    0.1864   0.06675     0.292       304       320         0         0         0         0    0.1414     2.209     4.943
    81/499     5.72G   0.03621    0.1604   0.06492    0.2615       310       320         0         0 2.585e-06 1.551e-06    0.1037    0.9448    0.3132
    82/499     5.72G   0.03696    0.1624     0.063    0.2624       352       320    0.1915    0.1716    0.1766    0.1136   0.05687     0.331   0.07465
    83/499     5.72G   0.03667    0.1523   0.06271    0.2517       344       320    0.1581    0.3908    0.3578    0.2594   0.03286     0.178    0.0622
    84/499     5.72G   0.03374    0.1487   0.06096    0.2434       278       320    0.2306    0.3119    0.2614    0.1634   0.05954    0.2947   0.07957
    85/499     5.72G   0.03554    0.1432   0.06036    0.2391       307       320    0.2186    0.6302    0.5051    0.3294   0.03608    0.1484   0.05842
    86/499     5.72G   0.03406     0.147   0.05918    0.2403       294       320    0.2414    0.6997    0.5519    0.4114   0.03149    0.1348   0.05335
    87/499     5.72G   0.03459    0.1383   0.05882    0.2317       237       320    0.2617    0.7007    0.5835    0.4612    0.0288    0.1251   0.05354
    88/499     5.72G   0.03274    0.1385    0.0578    0.2291       287       320    0.2423    0.6765    0.5424    0.4238   0.02871    0.1417   0.05247
    89/499     5.72G   0.03478    0.1362   0.05647    0.2274       263       320    0.2309    0.6631    0.5666     0.438   0.02872    0.1227   0.05122
    90/499     5.72G   0.03354     0.138   0.05552     0.227       300       320    0.2295    0.7443    0.5801    0.4408   0.02874    0.1198   0.04986
    91/499     5.72G   0.03463    0.1358   0.05506    0.2255       318       320    0.2156    0.7083    0.5656    0.4421   0.02909    0.1206    0.0487
    92/499     5.72G   0.03386    0.1391   0.05389    0.2269       351       320    0.2296    0.7129    0.6028     0.471   0.02932    0.1288   0.04846
    93/499     5.72G   0.03409    0.1382   0.05374     0.226       297       320    0.2477    0.6837    0.5949    0.4709   0.02863    0.1299   0.04807
    94/499     5.72G   0.03312    0.1342   0.05184    0.2191       256       320    0.2242    0.7627    0.6165     0.489   0.02802    0.1333   0.04732
    95/499     5.72G   0.03398    0.1359   0.05217     0.222       321       320     0.287    0.7615    0.6411    0.4946   0.03065    0.1459   0.04678
    96/499     5.72G   0.03374    0.1347   0.05093    0.2194       286       320     0.282    0.8438    0.6516    0.5147   0.03009    0.1394   0.04593
    97/499     5.72G   0.03376    0.1388   0.05076    0.2233       279       320    0.2677    0.8084    0.6446    0.4977   0.02814    0.1298   0.04654
    98/499     5.72G   0.03443    0.1373   0.04898    0.2207       266       320    0.2978    0.8007     0.654    0.5187   0.02849    0.1352   0.04418
    99/499     5.72G   0.03192    0.1304   0.04854    0.2109       298       320    0.2899    0.7798    0.6627    0.5386   0.02715    0.1306   0.04421
   100/499     5.72G   0.03248    0.1301   0.04744      0.21       345       320    0.2479    0.7995    0.6628    0.5246   0.02867    0.1429   0.04254
   101/499     5.72G   0.03354    0.1373   0.04803    0.2189       271       320    0.2492    0.8526    0.6742    0.5198   0.02804    0.1316   0.04168
   102/499     5.72G   0.03279    0.1317   0.04654    0.2111       341       320     0.221    0.8261     0.661    0.5323   0.02735    0.1324   0.04034
   103/499     5.72G   0.03253    0.1285   0.04527    0.2062       328       320    0.2485    0.8333    0.6727    0.5354   0.02852    0.1294   0.04024
   104/499     5.72G   0.03165    0.1291   0.04484    0.2056       264       320    0.2363    0.8501     0.675    0.5418   0.02764    0.1266   0.03872
   105/499     5.72G   0.03178    0.1296   0.04414    0.2056       276       320    0.2502    0.8206    0.6786    0.5448   0.02838    0.1269   0.03762
   106/499     5.72G   0.03276    0.1357   0.04351    0.2119       289       320    0.2577    0.8348    0.7022    0.5674   0.02787    0.1427   0.03749
   107/499     5.72G   0.03368     0.137   0.04326     0.214       269       320    0.2681    0.8549    0.7046    0.5673   0.02925    0.1354   0.03679
   108/499     5.72G   0.03285    0.1296    0.0428    0.2053       308       320    0.2606    0.8413    0.7062    0.5632    0.0284     0.139   0.03662
   109/499     5.72G   0.03374     0.133   0.04215    0.2089       244       320    0.2591    0.7961    0.6661     0.516   0.03046    0.1473   0.03874
   110/499     5.72G   0.03437     0.137   0.04087    0.2122       279       320    0.2697    0.8171    0.6456    0.5061   0.03087    0.1413    0.0377
   111/499     5.72G   0.03354    0.1326   0.04039    0.2065       313       320    0.2705    0.8867    0.7279    0.5681   0.02918    0.1276   0.03512
   112/499     5.72G   0.03269    0.1336   0.04021    0.2064       254       320    0.2744    0.8515    0.7308    0.5861    0.0278    0.1319   0.03512
   113/499     5.72G   0.03182    0.1286   0.03954       0.2       268       320    0.2592    0.8444    0.7381    0.5862   0.02816    0.1348   0.03484
   114/499     5.72G   0.03317    0.1295    0.0385    0.2012       291       320    0.2822     0.861    0.7333    0.5939    0.0283    0.1419   0.03446
   115/499     5.72G   0.03289    0.1359   0.03834    0.2071       247       320    0.2758    0.8753    0.7427    0.5966   0.02833    0.1312   0.03285
   116/499     5.72G   0.03168    0.1302   0.03742    0.1993       296       320    0.2861    0.8578    0.7357    0.6017   0.02743    0.1365   0.03271
   117/499     5.72G   0.03222    0.1322   0.03773    0.2021       292       320    0.3071    0.8928    0.7634    0.5998    0.0282    0.1334   0.03217
   118/499     5.72G     0.033    0.1329   0.03688    0.2028       288       320    0.2972    0.8876     0.771    0.6272   0.02827     0.133   0.03135
   119/499     5.72G   0.03208    0.1351   0.03633    0.2036       316       320     0.296    0.8966    0.7737    0.5811   0.03061    0.1331   0.03087
   120/499     5.72G   0.03364    0.1314   0.03645    0.2015       312       320    0.2913    0.8872    0.7564     0.625   0.02811    0.1405   0.02998
   121/499     5.72G   0.03292    0.1275    0.0362    0.1966       277       320    0.3038    0.8776    0.7576    0.6243   0.02792    0.1383   0.02993
   122/499     5.72G    0.0328    0.1297   0.03521    0.1977       311       320    0.3192    0.8735    0.7682    0.6307   0.02757    0.1465   0.02942
   123/499     5.72G   0.03085    0.1295   0.03516    0.1955       260       320    0.3141    0.8943    0.7505    0.6073   0.02868    0.1476   0.02902
   124/499     5.72G   0.03172    0.1297   0.03414    0.1956       291       320    0.3122    0.9024    0.7738     0.635   0.02622    0.1334   0.02904
   125/499     5.72G    0.0313     0.128   0.03332    0.1926       338       320     0.311    0.8824    0.7648    0.6182   0.02848     0.143   0.02912
   126/499     5.72G    0.0321    0.1314   0.03326    0.1968       319       320    0.3079    0.8994    0.7917    0.6567   0.02693    0.1288   0.02938
   127/499     5.72G   0.03176    0.1298   0.03301    0.1946       274       320    0.3189    0.8847    0.7805    0.6339   0.02916     0.171   0.02941
   128/499     5.72G   0.03193    0.1314   0.03231    0.1957       316       320    0.3146    0.8647     0.785    0.6511   0.02818     0.172   0.02871
   129/499     5.72G   0.03231    0.1282   0.03251    0.1931       281       320    0.3216    0.8691     0.799     0.652   0.02851    0.1559   0.02899
   130/499     5.72G   0.03165    0.1247   0.03179    0.1881       313       320     0.332    0.8781    0.7854    0.6483   0.02769    0.1421   0.02672
   131/499     5.72G   0.03322    0.1287   0.03132    0.1932       306       320    0.3184    0.8385    0.7993    0.6497   0.02882    0.1581   0.02733
   132/499     5.72G   0.03138    0.1278   0.03077    0.1899       286       320    0.3341    0.8776    0.7993    0.6548   0.02842    0.1653   0.02707
   133/499     5.72G   0.03194    0.1243   0.03062    0.1869       334       320    0.3435    0.8738    0.7953    0.6598   0.02952    0.1771    0.0277
   134/499     5.72G   0.03157    0.1284   0.03005      0.19       327       320    0.3252    0.8828    0.8243    0.6728   0.02929    0.1533   0.02598
   135/499     5.72G   0.03265    0.1279    0.0297    0.1903       322       320    0.3488    0.9088    0.8367    0.6764   0.02889    0.1446   0.02646
   136/499     5.72G   0.03065    0.1231   0.02935    0.1831       288       320    0.3506    0.9132    0.8345     0.681   0.02686    0.1412   0.02524
   137/499     5.72G   0.03131    0.1294   0.02993    0.1907       292       320    0.3528    0.9201     0.834    0.6826   0.02784    0.1468    0.0251
   138/499     5.72G   0.03126    0.1267    0.0287    0.1866       333       320     0.344    0.8844    0.8339    0.6919   0.02834    0.1785   0.02574
   139/499     5.72G   0.03072    0.1259   0.02866    0.1853       309       320    0.3389    0.8921     0.831    0.6861   0.02837    0.1774   0.02567
   140/499     5.72G   0.03291    0.1298   0.02848    0.1912       349       320    0.3609    0.8719    0.8323    0.6871   0.02926    0.1733   0.02478
   141/499     5.72G   0.03094    0.1277   0.02837     0.187       329       320    0.3423    0.8987    0.8456    0.6784   0.02994    0.1756   0.02462
   142/499     5.72G   0.03139    0.1272   0.02748    0.1861       310       320    0.3527     0.909    0.8425    0.6677   0.02957    0.1639   0.02421
   143/499     5.72G   0.03225     0.126   0.02717    0.1854       332       320    0.3537    0.9067    0.8458     0.699    0.0282    0.1701   0.02459
   144/499     5.72G   0.03029    0.1253   0.02682    0.1824       295       320    0.3785    0.9121    0.8649    0.7091   0.02907    0.1772   0.02376
   145/499     5.72G   0.03052    0.1259   0.02645    0.1829       311       320    0.3497    0.8923    0.8592    0.7166   0.02849    0.1639   0.02299
   146/499     5.72G   0.03154    0.1274   0.02681    0.1858       317       320    0.3777    0.9053    0.8611    0.7016   0.02903    0.1757   0.02298
   147/499     5.72G   0.03045    0.1294   0.02703    0.1869       303       320    0.3695    0.9264    0.8653    0.7079   0.02791    0.1616   0.02259
   148/499     5.72G   0.03136    0.1253    0.0253     0.182       295       320    0.3829    0.8989    0.8588    0.7087   0.03008    0.1903   0.02267
   149/499     5.72G   0.03025    0.1239   0.02532    0.1795       313       320    0.3809    0.8882    0.8506    0.7021   0.02933    0.1995   0.02356
   150/499     5.72G   0.03142    0.1285   0.02535    0.1853       328       320      0.36    0.9169    0.8627    0.7144    0.0285    0.1728   0.02459
   151/499     5.72G   0.03196    0.1241   0.02455    0.1806       287       320    0.3746    0.8966    0.8592    0.7153   0.02886    0.1795   0.02426
   152/499     5.72G   0.03001    0.1226   0.02522    0.1778       313       320    0.3557    0.8997    0.8524    0.7123   0.02764    0.1768   0.02306
   153/499     5.72G   0.03085    0.1231   0.02422    0.1781       284       320     0.368    0.9021    0.8603    0.7105   0.02816    0.1735   0.02332
   154/499     5.72G   0.03025    0.1208   0.02434    0.1754       323       320    0.3759    0.9308    0.9023    0.7424   0.02702    0.1501   0.02178
   155/499     5.72G   0.03079    0.1239   0.02337    0.1781       318       320    0.3627    0.9182    0.8802    0.7147   0.02906     0.173   0.02067
   156/499     5.72G   0.02929    0.1219   0.02358    0.1748       291       320    0.3679    0.8929     0.868    0.7178   0.02967    0.1797   0.02132
   157/499     5.72G   0.03205    0.1269   0.02314    0.1821       353       320    0.3924    0.8946    0.8709    0.7145   0.03071     0.188   0.02211
   158/499     5.72G   0.03024    0.1298   0.02323    0.1832       359       320    0.3749    0.9044    0.8832    0.7253    0.0301    0.1944    0.0217
   159/499     5.72G   0.03163    0.1289   0.02286    0.1834       312       320    0.3843    0.8907    0.8601    0.7098   0.02952    0.2072   0.02081
   160/499     5.72G   0.03038    0.1264   0.02297    0.1797       259       320    0.3832    0.9263    0.9082    0.7463   0.02929    0.1833   0.02068
   161/499     5.72G   0.02992    0.1261   0.02284    0.1788       257       320    0.3793    0.9167    0.9136    0.7474   0.02921    0.1787   0.01967
   162/499     5.72G   0.03245    0.1287   0.02291    0.1841       306       320    0.4255    0.8924    0.8793    0.7286   0.03064    0.2139   0.02018
   163/499     5.72G   0.03033    0.1232   0.02266    0.1762       290       320    0.4094     0.863    0.8632    0.6943   0.03375    0.2262   0.02088
   164/499     5.72G   0.02971    0.1231   0.02158    0.1744       318       320     0.394    0.8604    0.8477    0.6909   0.03054    0.2082   0.01932
   165/499     5.72G    0.0303    0.1232   0.02196    0.1754       333       320    0.4058    0.8505    0.8377    0.6842   0.03188    0.2277   0.01967
   166/499     5.72G   0.03009     0.124   0.02163    0.1757       305       320      0.41     0.948    0.9082    0.7459   0.02942    0.1797   0.01831
   167/499     5.72G   0.02964    0.1229   0.02115    0.1736       261       320    0.3914    0.9116    0.8812    0.7193   0.03027    0.1928   0.01924
   168/499     5.72G    0.0292     0.123   0.02088    0.1731       305       320    0.3982    0.8732    0.8681    0.7148   0.02997    0.1953   0.01904
   169/499     5.72G   0.03033    0.1226    0.0206    0.1735       256       320    0.4134    0.8912    0.8828    0.7134   0.03108    0.2109   0.01887
   170/499     5.72G   0.02855    0.1187   0.02067     0.168       277       320    0.4015    0.8969    0.8749    0.7114    0.0288    0.1804   0.01832
   171/499     5.72G   0.03018    0.1221   0.02045    0.1727       335       320    0.3986    0.8888    0.8935    0.7302    0.0276    0.1694    0.0176
   172/499     5.72G   0.03081    0.1246   0.02074    0.1762       294       320    0.3905    0.8491    0.8419    0.6779   0.03046    0.2229   0.01934
   173/499     5.72G   0.03046    0.1221   0.01994    0.1725       328       320    0.4128    0.8622    0.8525     0.686   0.03044     0.218   0.02042
   174/499     5.72G   0.02904     0.124   0.02001    0.1731       271       320    0.4028    0.8781    0.8684    0.7198   0.03018    0.2045   0.01842
   175/499     5.72G   0.02945    0.1235    0.0195    0.1725       288       320    0.4198    0.8343    0.8261    0.6837   0.03168    0.2358    0.0177
   176/499     5.72G   0.02998    0.1218   0.01905    0.1709       326       320    0.4192    0.8445    0.8299     0.689   0.03307    0.2447   0.01747
   177/499     5.72G   0.02999    0.1212   0.01972     0.171       262       320    0.4218    0.8062    0.8202    0.6772   0.03397    0.2552   0.01768
   178/499     5.72G   0.03006    0.1213   0.01888    0.1703       315       320    0.4192    0.8596    0.8661     0.716   0.03017    0.2034   0.01784
   179/499     5.72G    0.0291    0.1189   0.01951    0.1675       302       320    0.4042    0.8654    0.8656    0.6994   0.03009    0.2037   0.01652
   180/499     5.72G    0.0293    0.1238    0.0187    0.1718       336       320    0.4308    0.8581    0.8562    0.7091   0.03044    0.2161   0.01638
